Finshed running 20 tests
2016-04-03T14:48:51.178
Mean: 1380.95
Standard Deviation: 38.433092922362455
Variance: 1477.1026315789472
Min: 1322.0
Max: 1477.0
Median: 1372.5
