Finshed running 20 tests
2016-04-04T12:42:41.055
Mean: 2587.45
Standard Deviation: 39.78822227216174
Variance: 1583.1026315789477
Min: 2523.0
Max: 2680.0
Median: 2585.5
