n = 100

Mean: 1213.42
Standard Deviation: 354.44032365167345
Variance: 125627.94303030301
