n = 5
23.03.2016

Mean: 17187.4
Standard Deviation: 8476.906499425366
Variance: 7.18579438E7
