n = 10
23.03.2016

Mean: 11276.0
Standard Deviation: 10000.100499494993
Variance: 1.0000201E8
