n = 50

Mean: 5033.58
Standard Deviation: 675.7896995065726
Variance: 456691.7179591837
