n = 50

Mean: 5031.82
Standard Deviation: 388.71965082662786
Variance: 151102.9669387755
