n = 10

Mean: 2694.0
Standard Deviation: 752.505001829076
Variance: 566263.7777777778
Avg. RTT: 0 ms.
