n = 10

Mean: 28958.2
Standard Deviation: 5556.19123740955
Variance: 3.087126106666667E7
