n = 100

Mean: 820.82
Standard Deviation: 153.577498614895
Variance: 23586.04808080808
