n = 5
23.03.2016

Average: 28.467317
Standard Deviation: 15.225543
Variance: 231.817149
