n = 5
23.03.2016

Average: 41.314250
Standard Deviation: 30.932142
Variance: 956.797379
