n = 10
23.03.2016

Average: 7.698854
Standard Deviation: 3.743922
Variance: 14.016951
