n = 10
23.03.2016

Mean: 3557.5
Standard Deviation: 1552.0518497925398
Variance: 2408864.9444444445
