Finshed running 10 tests
2016-04-02T20:57:30.777
Mean: 31095.8
Standard Deviation: 20577.75416857297
Variance: 423443966.6222222
Min: 13899.0
Max: 84700.0
Median: 26274.5
