Finshed running 10 tests
2016-04-03T11:32:55.081
Mean: 48434.0
Standard Deviation: 3255.0645666919318
Variance: 10595445.333333334
Min: 46701.0
Max: 57421.0
Median: 47164.0
