Finshed running 10 tests
2016-04-03T11:35:58.476
Mean: 5695.6
Standard Deviation: 521.6870496550378
Variance: 272157.3777777778
Min: 4320.0
Max: 6292.0
Median: 5742.0
