Finshed running 300 tests
2016-05-30T12:31:28.166
Mean: 206.3933333333333
Standard Deviation: 43.521247133583245
Variance: 1894.098952062428
Min: 175.0
Max: 864.0
Median: 199.0
