n = 300

Mean: 99.23666666666665
Standard Deviation: 18.60648614447044
Variance: 346.20132664437045
