Finshed running 10 tests
2016-04-03T13:31:30.933
Mean: 3802.6
Standard Deviation: 1217.5072164969793
Variance: 1482323.8222222223
Min: 2468.0
Max: 5588.0
Median: 4130.5
