Finshed running 10 tests
2016-04-03T13:26:21.407
Mean: 48301.8
Standard Deviation: 1046.4887109865172
Variance: 1095138.6222222224
Min: 47385.0
Max: 51003.0
Median: 47910.5
