n = 10
23.03.2016

Average: 77.205620
Standard Deviation: 22.526802
Variance: 507.456787
