n = 10
23.03.2016

Average: 80.716389
Standard Deviation: 29.777992
Variance: 886.728795
