n = 10
23.03.2016

Average: 10.536144
Standard Deviation: 5.204807
Variance: 27.090018
