n = 10
23.03.2016


Average: 8.464638
Standard Deviation: 1.913628
Variance: 3.661972
