n = 10
23.03.2016

Mean: 5285.4
Standard Deviation: 1672.0594221232423
Variance: 2795782.7111111106
