n = 100

Mean: 261.67999999999995
Standard Deviation: 36.24603914271674
Variance: 1313.7753535353538
