n = 100

Mean: 1359.44
Standard Deviation: 44.59069069850452
Variance: 1988.3296969696971
