n = 100
23.03.2016


Mean: 2837.72
Standard Deviation: 318.059332499298
Variance: 101161.73898989901
