n = 100
23.03.2016

Mean: 1840.56
Standard Deviation: 219.635249512192
Variance: 48239.64282828283
