n = 100
23.03.2016

Mean: 463.18
Standard Deviation: 24.852851796609627
Variance: 617.6642424242424
