n = 100
23.03.2016

Mean: 2720.19
Standard Deviation: 120.23669375549434
Variance: 14456.86252525253
