n = 100
23.03.2016

Mean: 1379.5
Standard Deviation: 230.1916856040029
Variance: 52988.21212121212
