n = 100
23.03.2016

Mean: 1312.58
Standard Deviation: 139.39220012090155
Variance: 19430.185454545463
