Finshed running 20 tests
2016-04-04T12:41:01.932
Mean: 9334.35
Standard Deviation: 64.93176580477629
Variance: 4216.134210526316
Min: 9258.0
Max: 9467.0
Median: 9323.0
