Finshed running 20 tests
2016-04-04T11:35:24.773
Mean: 8908.55
Standard Deviation: 157.89252673891824
Variance: 24930.050000000007
Min: 8807.0
Max: 9449.0
Median: 8859.0
