Finshed running 10 tests
2016-05-30T13:15:08.465
Mean: 56669.1
Standard Deviation: 351.40873637404064
Variance: 123488.09999999999
Min: 56486.0
Max: 57652.0
Median: 56541.0
