n = 100

Average: 2.786603
Standard Deviation: 0.111069
Variance: 0.012336
