n = 100

Average: 2.760999
Standard Deviation: 0.106751
Variance: 0.011396
