n = 100

Average: 0.463592
Standard Deviation: 0.027616
Variance: 0.000763
