n = 10
23.03.2016

Mean: 39449.0
Standard Deviation: 17673.3676662561
Variance: 3.123479246666667E8
