n = 10
23.03.2016


Mean: 18258.3
Standard Deviation: 10837.175267978684
Variance: 1.1744436778888887E8
