n = 10
23.03.2016

Mean: 5424.9
Standard Deviation: 7091.9426808801045
Variance: 5.029565098888889E7
