n = 100

Mean: 693.44
Standard Deviation: 75.04548385122617
Variance: 5631.824646464646
