n = 100

Mean: 821.04
Standard Deviation: 59.89653031215034
Variance: 3587.5943434343444
