n= 100

Mean: 242.49
Standard Deviation: 25.748392123969545
Variance: 662.9796969696969
