Finshed running 10 tests
2016-04-02T19:59:43.906
Mean: 13235.4
Standard Deviation: 9070.073137032088
Variance: 82266226.7111111
Min: 4547.0
Max: 35598.0
Median: 12046.5
