n = 300

Mean: 284.6066666666667
Standard Deviation: 33.489257832766626
Variance: 1121.5303901895206
