n = 300

Mean: 121.69
Standard Deviation: 29.470362074509286
Variance: 868.5022408026753
