n= 300

Mean: 162.66666666666669
Standard Deviation: 24.523326324180218
Variance: 601.3935340022304
