n = 2
23.03.2016

Average: 38.025508
Standard Deviation: 0.104123
Variance: 0.010842
