n = 1
23.03.2016

Average: 42.198205
Standard Deviation: 0.000000
Variance: 0.000000
