n = 10
23.03.2016

Average: 4.119338
Standard Deviation: 1.107562
Variance: 1.226693
