Finshed running 10 tests
2016-04-03T13:04:51.629
Mean: 13241.1
Standard Deviation: 1071.0659747290185
Variance: 1147182.3222222223
Min: 12405.0
Max: 15881.0
Median: 12787.0
