n = 10

Average: 3.323678
Standard Deviation: 0.994297
Variance: 0.988626
