n = 10

Average: 3.160262
Standard Deviation: 0.308275
Variance: 0.095033
