n = 10
23.03.2016

Average: 6.404700
Standard Deviation: 2.346554
Variance: 5.506316
