n = 10
23.03.2016

Average: 3.948343
Standard Deviation: 0.927731
Variance: 0.860685
