n = 10
23.03.2016

Average: 12.855967
Standard Deviation: 0.401924
Variance: 0.161543
