n = 10
23.03.2016


Average: 10.466393
Standard Deviation: 1.345012
Variance: 1.809057
