n = 300

Mean: 121.75999999999989
Standard Deviation: 33.03270498554739
Variance: 1091.1595986622074
