Finshed running 10 tests
2016-05-30T13:53:54.746
Mean: 44298.9
Standard Deviation: 3864.8359301096684
Variance: 1.4936956766666668E7
Min: 33458.0
Max: 46622.0
Median: 45388.5
