n = 100
23.03.2016

Average: 7.352740
Standard Deviation: 0.470418
Variance: 0.221293
