n = 100
23.03.2016

Average: 7.240850
Standard Deviation: 0.462179
Variance: 0.213610
