n = 100
23.03.2016

Average: 0.839916
Standard Deviation: 0.037253
Variance: 0.001388
