n = 100
23.03.2016

Average: 0.905601
Standard Deviation: 0.035064
Variance: 0.001229
