n = 100

Average: 1.061039
Standard Deviation: 0.106527
Variance: 0.011348
