n = 100
23.03.2016


Average: 1.521907
Standard Deviation: 0.150484
Variance: 0.022645
