n = 100
23.03.2016

Average: 1.404975
Standard Deviation: 0.106365
Variance: 0.011314
