n = 5

Average: 105.713470
Standard Deviation: 0.899647
Variance: 0.809365
