n = 20

Average: 13.720437
Standard Deviation: 0.037893
Variance: 0.001436
