n = 20

Average: 13.687349
Standard Deviation: 0.030503
Variance: 0.000930
