n = 20

Average: 14.651748
Standard Deviation: 0.032656
Variance: 0.001066
