Finshed running 20 tests
2016-04-03T14:30:55.647
Mean: 2436.65
Standard Deviation: 18.428453400566255
Variance: 339.607894736842
Min: 2401.0
Max: 2482.0
Median: 2437.5
