n = 100

Mean: 1202.1
Standard Deviation: 162.25379172547227
Variance: 26326.29292929293
