n = 10

Average: 19.599913
Standard Deviation: 0.774201
Variance: 0.599387
