n = 10

Average: 19.998173
Standard Deviation: 1.528655
Variance: 2.336787
