n = 50

Average: 3.774019
Standard Deviation: 1.530202
Variance: 2.341518
