n = 10

Average: 2.987086
Standard Deviation: 0.086340
Variance: 0.007455
