n = 10

Average: 3.088443
Standard Deviation: 0.271150
Variance: 0.073522
