n = 300

Mean: 528.6400000000001
Standard Deviation: 60.74198737364737
Variance: 3689.5890301003365
