n = 300

Mean: 489.9333333333333
Standard Deviation: 62.02428768715701
Variance: 3847.012263099217
