Finshed running 10 tests
2016-04-02T20:32:35.887
Mean: 12042.3
Standard Deviation: 6907.8175368362345
Variance: 47717943.12222222
Min: 5160.0
Max: 25569.0
Median: 10258.0
