Finshed running 20 tests
2016-04-02T20:43:17.659
Mean: 3937.65
Standard Deviation: 4792.772423413361
Variance: 22970667.50263158
Min: 762.0
Max: 22084.0
Median: 2512.5
