Finshed running 20 tests
2016-04-04T12:27:38.362
Mean: 4630.45
Standard Deviation: 38.482360962695076
Variance: 1480.8921052631579
Min: 4556.0
Max: 4710.0
Median: 4628.5
