Finshed running 20 tests
2016-04-04T12:20:11.152
Mean: 40854.6
Standard Deviation: 46.37535643216693
Variance: 2150.673684210527
Min: 40802.0
Max: 40950.0
Median: 40845.5
