n = 100

Average: 0.455559
Standard Deviation: 0.027002
Variance: 0.000729
