n = 100

Average: 0.497641
Standard Deviation: 0.027642
Variance: 0.000764
