n = 100

Average: 0.494420
Standard Deviation: 0.027181
Variance: 0.000739
