n = 100

Mean: 162.40000000000003
Standard Deviation: 34.30286968588588
Variance: 1176.6868686868686
