n = 100

Mean: 298.75
Standard Deviation: 39.71295364070377
Variance: 1577.1186868686868
