Finshed running 20 tests
2016-05-30T14:07:08.772
Mean: 21413.3
Standard Deviation: 1821.4580654548504
Variance: 3317709.484210526
Min: 20761.0
Max: 28880.0
Median: 20837.0
